1.050000000000000000e+02 2.580000000000000000e+02
1.250000000000000000e+02 2.520000000000000000e+02
1.610000000000000000e+02 2.440000000000000000e+02
1.830000000000000000e+02 2.370000000000000000e+02
2.060000000000000000e+02 2.320000000000000000e+02
2.300000000000000000e+02 2.310000000000000000e+02
2.510000000000000000e+02 2.310000000000000000e+02
2.790000000000000000e+02 2.250000000000000000e+02
3.240000000000000000e+02 2.260000000000000000e+02
3.450000000000000000e+02 2.250000000000000000e+02
3.720000000000000000e+02 2.450000000000000000e+02
3.760000000000000000e+02 2.690000000000000000e+02
3.790000000000000000e+02 2.930000000000000000e+02
3.890000000000000000e+02 3.350000000000000000e+02
3.970000000000000000e+02 3.660000000000000000e+02
4.000000000000000000e+02 3.990000000000000000e+02
4.080000000000000000e+02 4.270000000000000000e+02
4.160000000000000000e+02 4.590000000000000000e+02
4.220000000000000000e+02 4.770000000000000000e+02
3.830000000000000000e+02 4.820000000000000000e+02
3.200000000000000000e+02 4.810000000000000000e+02
2.900000000000000000e+02 4.810000000000000000e+02
2.530000000000000000e+02 4.840000000000000000e+02
2.050000000000000000e+02 4.820000000000000000e+02
1.780000000000000000e+02 4.860000000000000000e+02
1.490000000000000000e+02 4.920000000000000000e+02
1.300000000000000000e+02 4.590000000000000000e+02
1.270000000000000000e+02 4.290000000000000000e+02
1.240000000000000000e+02 4.070000000000000000e+02
1.200000000000000000e+02 3.840000000000000000e+02
